8.466249999999991794e-04
6.625000000000316676e-07
1.962500000000000692e-06
8.125000000000097968e-07
7.025000000000229202e-07
2.599999999999982518e-07
2.210000000000035168e-06
1.202499999999957147e-06
4.849999999999653926e-07
2.972499999999866932e-06
2.924999999999905079e-06
1.025000000000024068e-06
5.624999999999843653e-06
1.450000000000058115e-06
4.899999999999697917e-07
3.192500000000113006e-06
7.825000000000386713e-07
5.049999999999997389e-06
1.384999999999950317e-06
5.449999999999521127e-07
4.100000000000096270e-06
2.312499999999868168e-06
5.800000000000609390e-07
2.492500000000172648e-06
9.250000000000071315e-07
2.882500000000142232e-06
9.699999999999862659e-07
2.182500000000035432e-06
1.524999999999919331e-06
3.700000000000139911e-06
2.404999999999986715e-06
5.152499999999897728e-06
1.359999999999989096e-06
1.482499999999928843e-06
2.724999999999954852e-07
2.604999999999992423e-06
2.005000000000002403e-06
2.582500000000141716e-06
1.892500000000016185e-06
3.384999999999831642e-06
1.682500000000017984e-06
2.705000000000153672e-06
2.682500000000064102e-06
6.362500000000174982e-06
3.842500000000019538e-06
4.802500000000018817e-06
3.212500000000103074e-06
4.832499999999940603e-06
9.324999999999944600e-07
1.592500000000037692e-06
2.245000000000099631e-06
1.302499999999996423e-06
1.012499999999976753e-06
1.392499999999982009e-06
1.104999999999989759e-05
3.662500000000136882e-06
4.524999999999003235e-07
5.125000000000647616e-07
1.024999999999985104e-06
1.360000000000055800e-06
9.324999999999944600e-07
3.049999999999939034e-07
1.192500000000003829e-06
3.262500000000080995e-06
5.849999999999543767e-07
1.884999999999923507e-06
1.462499999999977527e-06
2.124999999999892834e-06
7.249999999998403280e-08
3.999999999999118640e-08
2.125000000000031535e-07
1.699999999999625323e-07
2.524999999999999118e-07
2.050000000000048135e-07
9.250000000000071315e-07
3.125000000000532828e-07
1.445000000000059222e-06
1.000000000000112848e-07
1.360000000000055800e-06
3.124999999999311512e-07
6.050000000000498999e-07
6.499999999998567955e-08
1.152499999999956990e-06
6.499999999998567955e-08
6.850000000000156762e-07
4.250000000000285417e-07
1.300000000000046846e-07
6.800000000000277943e-07
7.850000000000158834e-07
3.250000000000505161e-07
6.724999999999241045e-07
4.049999999999607588e-07
1.202500000000079331e-06
3.199999999999294912e-07
6.625000000000316676e-07
1.324999999999991126e-06
1.800000000000269699e-07
6.500000000000344342e-07
9.725000000000300760e-07
7.249999999998403280e-08
8.125000000000097968e-07
4.249999999999063307e-08
8.499999999999571334e-07
5.849999999999543767e-07
2.500000000000004651e-07
2.524999999999999118e-07
8.999999999998017271e-08
2.412500000000090404e-06
4.225000000000512767e-07
1.152500000000012682e-06
6.249999999998623289e-08
4.224999999999735614e-07
6.369999999999995762e-06
5.000000000000009303e-07
8.450000000000304497e-07
1.849999999999981229e-07
2.770000000000056065e-06
1.052500000000090296e-06
1.450000000000069232e-07
2.050000000000048135e-07
1.025000000000024068e-06
4.924999999999692384e-07
1.024999999999774193e-07
6.249999999999844869e-07
3.649999999999806764e-07
2.824999999999966176e-06
7.250000000000290575e-07
1.262499999999999347e-06
6.500000000000121996e-07
9.250000000001293160e-08
1.524999999999997046e-07
4.849999999999653926e-07
1.524999999999997046e-07
2.249999999999504318e-08
4.999999999999454496e-07
2.499999999999449315e-08
2.825000000000210122e-07
2.824999999999377912e-07
8.124999999999598218e-07
6.625000000000316676e-07
1.212499999999999403e-06
2.499999999999449315e-08
6.525000000000562214e-07
1.209999999999977827e-06
6.499999999998567955e-08
1.009999999999999647e-06
3.124999999999866848e-07
2.450000000000237535e-07
6.500000000000344342e-07
3.249999999999283845e-07
1.300000000000046846e-07
1.600000000000091619e-07
7.250000000000290575e-07
3.625000000000145287e-07
1.824999999999597921e-07
7.249999999998403280e-08
5.824999999999882819e-07
2.449999999999848958e-07
2.050000000000048135e-07
9.999999999997797262e-08
1.799999999999936709e-07
1.000000000000023883e-06
1.600000000000091619e-07
8.725000000000077400e-07
8.499999999998127937e-08
1.392499999999982009e-06
1.849999999999592652e-07
2.499999999999449315e-08
1.524999999999997046e-07
3.724999999999734578e-07
2.252500000000019938e-06
4.449999999999741401e-07
5.050000000000108351e-07
7.249999999998403280e-08
1.599999999999647456e-07
1.325000000000096634e-07
7.249999999998403280e-08
7.300000000000501854e-07
5.524999999999560643e-07
7.824999999999664618e-07
1.449999999999680656e-07
1.412499999999977582e-06
1.699999999999625323e-07
2.224999999999953815e-07
2.500000000000226468e-07
1.160000000000010917e-06
3.125000000000532828e-07
8.125000000000209141e-07
1.489999999999971758e-06
7.249999999998403280e-08
6.249999999998623289e-08
3.925000000000079417e-07
3.624999999999645538e-07
1.849999999999981229e-07
7.850000000000158834e-07
4.999999999998898631e-08
4.100000000000096270e-07
4.524999999999003235e-07
2.050000000000048135e-07
1.984999999999912385e-06
1.800000000000269699e-07
2.899999999999916648e-07
1.249999999999724658e-07
6.249999999998623289e-08
3.825000000000489597e-07
6.099999999999878069e-07
7.199999999999746835e-07
1.450000000000069232e-07
1.332499999999961831e-06
4.049999999999607588e-07
1.825000000000042084e-07
4.999999999998898631e-08
4.925000000000469536e-07
2.742500000000056328e-06
4.624999999999703197e-07
6.249999999999844869e-07
2.000000000000003615e-07
1.125000000000085367e-06
6.800000000000277943e-07
7.999999999998237280e-08
1.632499999999956841e-06
3.425000000000466957e-07
9.249999999997961938e-08
1.712500000000033579e-06
4.500000000000674246e-07
1.625000000000086086e-07
2.049999999999548386e-07
6.499999999998567955e-08
2.862500000000046709e-06
2.224999999999953815e-07
3.624999999999867884e-07
5.649999999999588033e-07
3.249999999999283845e-07
8.000000000000458095e-07
8.825000000000387727e-07
1.090000000000015398e-06
4.250000000000285417e-07
5.624999999999927086e-07
7.225000000000074821e-07
3.050000000000549428e-07
5.850000000000377036e-07
2.649999999999915865e-07
2.499999999999449315e-08
6.125000000000204996e-07
8.499999999998127937e-08
7.925000000000419637e-07
2.899999999999916648e-07
3.699999999999851284e-07
6.499999999998567955e-08
7.924999999999642485e-07
4.824999999999991920e-07
8.100000000000214674e-07
7.450000000000246308e-07
3.624999999999867884e-06
3.049999999999939034e-07
6.099999999999878069e-07
4.925000000000469536e-07
1.352499999999990862e-06
8.499999999998127937e-08
7.999999999998237280e-08
7.325000000000273975e-07
3.024999999999944568e-07
1.849999999999592652e-07
4.624999999999703197e-07
2.599999999999982518e-07
9.999999999997796600e-09
1.600000000000091619e-07
1.825000000000042084e-07
3.624999999999201375e-07
5.724999999999571433e-07
1.939999999999861571e-06
4.249999999999785667e-07
2.499999999999449315e-08
1.325000000000096634e-07
1.000000000000112848e-07
8.125000000000097968e-07
6.500000000000566689e-07
3.399999999999806511e-07
5.625000000000093316e-07
9.000000000001348493e-08
1.764999999999938632e-06
2.112499999999989939e-06
2.025000000000053668e-07
5.825000000000160223e-07
1.599999999999958423e-06
1.125000000000085314e-07
9.250000000001293160e-08
4.999999999998898631e-08
1.062499999999988133e-06
2.050000000000048135e-07
7.999999999998237280e-08
5.849999999999543767e-07
6.249999999998623289e-08
2.499999999999449315e-08
6.499999999999789536e-07
4.249999999999063307e-08
4.924999999999692384e-07
1.625000000000030499e-07
2.024999999999553919e-07
1.130000000000006545e-06
