2.435196250000001839e-02
1.317062499999997489e-03
1.156999999999998172e-04
2.606500000000003251e-05
1.613000000000025384e-05
4.204999999999878425e-06
3.145000000000112190e-06
2.792499999999906771e-06
1.984999999999984807e-06
2.732500000000130963e-06
4.032500000000099881e-06
1.205000000000006674e-06
3.312499999999836571e-06
2.562500000000146143e-06
6.124999999999427843e-07
1.192500000000003829e-06
4.160000000000016922e-06
1.299999999999991365e-06
1.412499999999983088e-06
1.232499999999972953e-06
2.320000000000088749e-06
9.649999999999983840e-07
8.725000000000077400e-07
2.339999999999983949e-06
9.999999999997796600e-09
6.249999999998623289e-08
1.712500000000033579e-06
2.424999999999965665e-07
1.024999999999985104e-06
3.249999999999283978e-08
1.205000000000067660e-06
9.249999999999850027e-07
4.524999999999558570e-07
2.312499999999968118e-06
3.125000000000532828e-07
1.332499999999961831e-06
1.422499999999980875e-06
3.280000000000077016e-06
4.049999999999607588e-07
1.892500000000016185e-06
1.300000000000046846e-07
2.689999999999918341e-06
2.439999999999951228e-06
1.529999999999929447e-06
5.300000000000109345e-06
1.722500000000031366e-06
7.999999999998237280e-08
6.724999999999241045e-07
1.142499999999981438e-06
2.022500000000020870e-06
1.059999999999966346e-06
1.062499999999976910e-06
2.049999999999548386e-07
4.524999999999502984e-07
8.725000000000077400e-07
3.485000000000081406e-06
1.442499999999948920e-06
1.932500000000007332e-06
1.862499999999928381e-06
2.250000000000004133e-07
4.624999999999703197e-07
7.325000000000273975e-07
1.805000000000024223e-06
6.425000000000360942e-07
1.572499999999931158e-06
2.742500000000056328e-06
1.689999999999949938e-06
2.664999999999923662e-06
1.812499999999933942e-06
4.250000000000207490e-06
3.485000000000053878e-06
9.724999999999745953e-07
2.352499999999859315e-06
7.250000000000457864e-07
1.009999999999999647e-06
2.052499999999903269e-06
1.864999999999927934e-06
3.970000000000035682e-06
1.192499999999970371e-06
2.724999999999954852e-07
8.000000000000014461e-07
2.424999999999965665e-07
3.205000000000009972e-06
8.825000000000387727e-07
1.324999999999991126e-06
1.864999999999988920e-06
7.200000000000412815e-07
2.689999999999918341e-06
3.842499999999936529e-06
6.552499999999727623e-06
9.725000000000300760e-07
2.785000000000119449e-06
2.439999999999951228e-06
3.200000000000183238e-07
1.164999999999976564e-06
3.624999999999867884e-07
7.649999999999647235e-07
8.424999999999920395e-07
3.532499999999971261e-06
1.640000000000038508e-06
2.289999999999995015e-06
1.962500000000034150e-06
7.850000000000158834e-07
9.700000000000305234e-07
3.122500000000106053e-06
2.824999999999377912e-07
5.849999999999543767e-07
7.224999999999685186e-07
2.439999999999951228e-06
2.862500000000046709e-06
2.899999999999361312e-07
2.924999999999888562e-06
3.865000000000014664e-06
9.800000000000172987e-07
6.249999999998623289e-08
4.625000000000646580e-07
1.745000000000015268e-06
1.224999999999963284e-06
6.850000000000545338e-07
4.100000000000096270e-06
1.250000000000002432e-06
6.249999999998623289e-08
9.425000000000311043e-07
1.682500000000017984e-06
7.625000000000207575e-07
5.624999999999927086e-07
1.572499999999931158e-06
9.125000000000098981e-07
9.725000000000300760e-07
1.465000000000054795e-06
3.824999999999823618e-07
1.124999999999985417e-06
6.425000000000360942e-07
1.944999999999910227e-06
2.499999999999449315e-07
1.170000000000008703e-06
2.652499999999987733e-06
1.625000000000086086e-07
6.024999999999505034e-07
2.329999999999953128e-06
1.624999999999958607e-06
5.649999999999588033e-07
4.385000000000066437e-06
1.902500000000013972e-06
1.892500000000016185e-06
3.204999999999849035e-06
1.825000000000019796e-06
3.825000000000489597e-07
8.125000000000430428e-07
2.082499999999891123e-06
7.825000000000330598e-07
1.130000000000084049e-06
9.724999999999745953e-07
6.625000000000316676e-07
7.625000000000207575e-07
2.924999999999688768e-07
9.425000000000311043e-07
1.584999999999928497e-06
1.422500000000053084e-06
3.425000000000466957e-07
1.712500000000055813e-06
1.885000000000006728e-06
1.599999999999958423e-06
2.412499999999945985e-06
5.724999999999571433e-07
1.372500000000064151e-06
9.125000000000098981e-07
1.862500000000039342e-06
9.000000000000016533e-07
1.170000000000075407e-06
2.204999999999980583e-06
6.800000000000277943e-07
1.632499999999956841e-06
1.902500000000013972e-06
1.752499999999902753e-06
1.000000000000112848e-07
1.450000000000058115e-06
5.199999999999520344e-07
4.932500000000012490e-06
2.824999999999966176e-06
4.902500000000019554e-06
1.945000000000021188e-06
1.600000000000091619e-07
1.642499999999904653e-06
2.124999999999853870e-06
1.810000000000023328e-06
9.425000000000921966e-07
1.600000000000091619e-07
2.142500000000010827e-06
5.849999999999543767e-07
1.642499999999954628e-06
1.192500000000003829e-06
7.400000000000479721e-07
7.850000000000158834e-07
2.560000000000146590e-06
4.825000000000657900e-07
2.825000000000049185e-06
1.445000000000059222e-06
2.762499999999913411e-06
1.690000000000060688e-06
1.324999999999963597e-06
2.599999999999960284e-06
5.299999999999609384e-07
9.425000000000032581e-07
1.250000000000002432e-06
3.262499999999847638e-06
1.699999999999625323e-07
3.892500000000041929e-06
2.019999999999999294e-06
1.062500000000015662e-06
1.062499999999988133e-06
1.232500000000000482e-06
1.462499999999977527e-06
1.344999999999959170e-06
2.649999999999949217e-06
4.625000000000036187e-07
6.499999999998567955e-08
4.624999999999592024e-07
1.412499999999944125e-06
3.184999999999920378e-06
3.025000000000005342e-06
4.225000000000401594e-07
5.450000000000075722e-06
2.762499999999913411e-06
2.525000000000071116e-06
5.125000000000647616e-07
2.312499999999868168e-06
1.502499999999935640e-06
8.650000000000371403e-07
5.850000000000377036e-07
5.049999999999998236e-07
8.725000000000077400e-07
4.324999999999996707e-06
2.862500000000024686e-06
2.225000000000031637e-06
1.262499999999955090e-06
4.824999999999603344e-07
5.825000000000604915e-07
1.502499999999935640e-06
4.250000000000084670e-06
1.489999999999971758e-06
5.124999999999593060e-07
2.102499999999992152e-06
1.849999999999592652e-07
1.000000000000023883e-06
4.625000000000036187e-07
5.650000000000421302e-07
2.312499999999990141e-06
4.525000000000058320e-07
2.162499999999989883e-06
2.524999999999999118e-06
1.232499999999972953e-06
7.649999999999147486e-07
2.352500000000020251e-06
1.450000000000058115e-06
1.465000000000054795e-06
4.924999999999692384e-07
3.424999999999856564e-07
2.524999999999960155e-06
1.022499999999996986e-06
1.202499999999996110e-06
2.964999999999946625e-06
2.352499999999859315e-06
2.044999999999993549e-06
1.412499999999977582e-06
1.962500000000034150e-06
1.912500000000061734e-06
1.369999999999986883e-06
1.325000000000063335e-06
3.459999999999981696e-06
7.999999999998237280e-08
3.624999999999867884e-06
7.225000000000296108e-07
1.450000000000058115e-06
2.005000000000002403e-06
1.122500000000013817e-06
6.124999999999816420e-07
1.812500000000033680e-06
1.464999999999971574e-06
3.012500000000091436e-06
4.924999999999692384e-07
2.224999999999953815e-07
1.462499999999977527e-06
2.409999999999802013e-06
1.412499999999944125e-06
1.212499999999999403e-06
4.099999999999652107e-07
2.899999999999361312e-07
3.442500000000041156e-06
1.125000000000001934e-06
7.825000000000386713e-07
4.652500000000162555e-06
1.062499999999976910e-06
1.322499999999964044e-06
2.762499999999940940e-06
1.304999999999995552e-06
3.124999999999922434e-07
1.202499999999996110e-06
1.360000000000055800e-06
1.742500000000026939e-06
