1.911632500000002687e-03
3.702499999999945069e-06
2.224999999999992673e-06
2.892500000000129007e-06
1.232500000000000482e-06
4.172500000000007908e-06
1.012250000000013559e-05
1.142499999999981438e-06
1.012499999999976753e-06
2.165000000000005953e-06
3.445000000000162681e-06
7.999999999998237280e-08
2.889999999999874074e-06
8.325000000000164874e-07
6.249999999998623289e-08
3.650000000000417157e-07
8.500000000000348487e-07
2.072499999999993286e-06
3.624999999999867884e-07
1.999999999999559320e-08
1.125000000000001934e-06
6.250000000000067215e-07
6.625000000000316676e-07
4.324999999999769067e-07
1.845000000000043322e-06
2.499999999999449150e-09
4.249999999999063307e-08
1.299999999999713591e-07
2.899999999999916648e-07
5.624999999999593567e-07
8.200000000000192541e-07
3.249999999999283978e-08
3.940000000000064768e-06
8.499999999999571334e-07
4.499999999999675277e-07
2.125000000000031535e-07
4.499999999999008635e-08
2.124999999999953820e-06
1.250000000000113234e-07
4.999999999998898631e-08
1.300000000000046846e-07
6.272499999999862441e-06
1.052500000000012369e-06
6.249999999998623289e-08
2.000000000000003615e-07
6.625000000000316676e-07
1.620000000000042935e-06
2.124999999999531786e-07
9.700000000000305234e-07
1.104999999999989844e-06
5.849999999999543767e-07
1.624999999999641923e-07
5.000000000000009303e-07
9.999999999997797262e-08
1.999999999999870313e-06
4.999999999999454496e-07
1.592500000000037692e-06
1.219999999999975614e-06
3.725000000000123154e-07
7.300000000000501854e-07
7.250000000000290575e-07
4.524999999999003235e-07
6.499999999998567955e-08
1.812499999999933942e-06
9.999999999997797262e-08
8.824999999999943035e-07
3.425000000000466957e-07
4.499999999999675277e-07
5.799999999999832237e-07
2.599999999999982518e-07
7.249999999998403280e-08
1.325000000000096634e-07
4.000000000000451393e-07
5.450000000000631799e-07
8.000000000000014461e-07
8.450000000001025533e-07
2.419999999999955654e-06
6.124999999999816420e-07
9.649999999999983840e-07
2.925000000000188518e-07
1.625000000000030499e-07
1.024999999999774193e-07
4.049999999999607588e-07
9.000000000001348493e-08
9.250000000001293160e-08
3.700000000000517264e-07
5.625000000000426835e-07
5.449999999999521127e-07
1.529999999999962905e-06
2.124999999999531786e-07
1.159999999999966659e-06
6.525000000000562214e-07
8.449999999999582401e-07
2.224999999999953815e-07
1.799999999999936709e-07
9.224999999999466984e-07
2.899999999999916648e-07
1.012499999999976753e-06
6.925000000000528738e-07
1.299999999999713591e-07
2.024999999999553919e-07
1.700000000000069486e-07
1.572499999999964616e-06
1.392500000000059513e-06
3.624999999999645538e-07
1.625000000000086086e-07
2.250000000000004133e-07
4.500000000000008267e-07
2.025000000000053668e-07
8.125000000000430428e-07
1.640000000000038508e-06
2.599999999999982518e-07
4.809999999999972582e-06
2.499999999999449150e-09
9.249999999999850027e-07
3.824999999999823618e-07
2.112500000000039913e-06
2.499999999999449315e-08
4.824999999999603344e-07
2.899999999999916648e-07
3.999999999999118640e-08
2.524999999999999118e-07
8.499999999998127937e-08
1.212499999999999403e-06
1.002500000000001413e-06
2.844999999999961749e-06
1.730000000000051834e-06
1.232499999999972953e-06
6.500000000000121996e-07
3.249999999999283978e-08
3.724999999999568348e-07
1.412499999999944125e-06
7.025000000000229202e-07
5.524999999999560643e-07
2.812500000000113256e-06
6.724999999999962082e-07
2.125000000000031535e-07
1.999999999999559320e-08
2.899999999999916648e-07
3.024999999999944568e-07
3.825000000000489597e-07
2.924999999999355778e-07
9.700000000000305234e-07
6.924999999999251836e-07
4.000000000000451393e-07
1.324999999999708058e-07
1.325000000000096634e-07
6.099999999999878069e-07
2.825000000000210122e-07
2.252499999999836979e-06
1.700000000000069486e-07
2.524999999999999118e-07
1.170000000000008703e-06
3.824999999999823618e-07
2.500000000000226468e-07
1.524999999999664056e-07
1.000000000000112848e-07
7.249999999998403280e-08
2.824999999999377912e-07
3.624999999999201375e-07
5.524999999999949219e-07
9.000000000000350053e-07
9.999999999997796600e-09
2.249999999999504384e-07
3.249999999999283978e-08
9.799999999999395834e-07
1.012499999999976753e-06
3.825000000000489597e-07
1.372499999999980930e-06
6.249999999999456293e-07
5.524999999999560643e-07
3.024999999999944568e-07
7.999999999998237280e-08
2.079999999999986015e-06
2.499999999999449315e-08
9.249999999997961938e-08
8.999999999998017271e-08
1.082500000000016953e-06
4.999999999999675784e-07
5.849999999999543767e-07
1.142499999999981438e-06
2.079999999999986015e-06
2.499999999999449315e-08
4.249999999999063307e-08
9.999999999997797262e-08
1.482499999999973100e-06
8.499999999998127937e-08
1.992500000000055038e-06
1.940000000000061047e-06
4.224999999999791200e-07
2.524999999999443782e-07
1.524999999999664056e-07
1.249999999999968974e-06
1.300000000000046846e-07
1.712500000000033579e-06
2.500000000000226468e-07
1.912500000000061734e-06
2.249999999999504318e-08
3.999999999999785414e-07
2.900000000000038303e-06
1.825000000000042084e-07
3.999999999999785414e-07
2.499999999999449315e-08
6.499999999998567955e-08
1.999999999999559320e-08
7.824999999999664618e-07
2.499999999999449315e-08
1.249999999999724658e-07
2.249999999999504384e-07
5.125000000000314097e-07
8.424999999999920395e-07
9.250000000001293160e-08
2.050000000000048135e-06
2.224999999999976156e-06
2.249999999999970834e-06
1.325000000000096634e-07
8.449999999999582401e-07
4.249999999999063307e-08
3.399999999999806511e-07
1.999999999999559320e-08
1.482499999999973100e-06
8.500000000000126141e-07
9.250000000001293160e-08
1.742500000000026939e-06
1.992499999999911043e-06
6.499999999998567955e-08
1.572499999999931158e-06
3.725000000000123154e-07
4.122499999999902508e-06
7.649999999999147486e-07
2.724999999999954852e-07
1.112499999999988078e-06
1.062499999999976910e-06
5.199999999999965036e-07
9.124999999999489117e-07
1.025000000000024068e-06
2.249999999999504384e-07
2.464999999999945482e-06
2.524999999999443782e-07
4.999999999998898631e-08
2.050000000000048135e-07
8.499999999998127937e-08
4.999999999998898300e-09
7.025000000000229202e-07
1.052499999999929148e-06
7.625000000000096402e-07
1.262499999999999347e-06
3.025000000000554961e-07
1.849999999999981229e-07
4.500000000000008267e-07
2.000000000000003615e-07
1.862500000000039342e-06
8.125000000000209141e-07
3.784999999999937926e-06
7.924999999999642485e-07
1.024999999999774193e-07
3.249999999999894768e-07
1.324999999999991126e-06
9.250000000001293160e-08
3.250000000000505161e-07
8.499999999998127937e-08
3.124999999999866848e-07
3.124999999999311512e-07
6.499999999999789536e-07
6.249999999998623289e-08
2.924999999999688768e-07
3.249999999999283978e-08
4.500000000000008267e-07
4.000000000000451393e-07
2.924999999999688768e-07
7.850000000000158834e-07
8.725000000000077400e-07
1.000000000000112848e-07
3.250000000000172171e-07
3.424999999999856564e-07
1.832499999999896058e-06
1.625000000000030499e-07
8.124999999999043412e-07
4.850000000000374963e-07
5.525000000000004276e-07
2.739999999999973766e-06
3.925000000000079417e-07
9.999999999997797262e-08
1.849999999999592652e-07
3.625000000000145287e-07
1.130000000000006545e-06
5.800000000000276929e-07
8.999999999998017271e-08
1.205000000000067660e-06
1.249999999999724658e-07
1.250000000000113234e-07
1.249999999999724658e-07
8.649999999999538134e-07
1.450000000000069232e-07
1.744999999999943059e-06
6.249999999998623289e-08
8.900000000000371127e-07
4.249999999999063307e-08
4.099999999999096771e-07
7.224999999999685186e-07
