-1.070944139897964398e+01
-1.056461111315043766e+01
-9.287229385231661638e+00
-7.824998472297772345e+00
-6.726459999226853448e+00
-6.522789829676022499e+00
-5.516105433271600411e+00
-5.094425058968884201e+00
-4.255930795398566779e+00
-4.899025436411135637e+00
-4.203089681098308716e+00
-3.837865638063363782e+00
-3.694211897251871157e+00
-3.155347930823737101e+00
-4.164684646345342856e+00
-4.169214888967681887e+00
-4.609896843059662075e+00
-4.564393134742884328e+00
-4.413720025850200734e+00
-4.530680347026808441e+00
-4.876647252103190056e+00
-5.654591583281115774e+00
-5.384835309015337579e+00
-6.030245876041719910e+00
-5.905965074669797588e+00
-5.584114889610155785e+00
-5.966501463961466634e+00
-5.488991637237756294e+00
-5.590070534167463023e+00
-5.054197112483015175e+00
-4.526205420738006246e+00
-4.403244777483401151e+00
-4.418563011529456297e+00
-5.075881853955573675e+00
-4.430907697449883109e+00
-4.179592314927712771e+00
-4.310777798136790295e+00
-4.511634085226721602e+00
-4.751078007363886080e+00
-4.975395134006336484e+00
-5.393003406007998990e+00
-4.915936846711193020e+00
-4.545102444322014712e+00
-4.379488706995767089e+00
-4.728219686802417776e+00
-5.520689895304302652e+00
-5.444471472478404017e+00
-5.397580268725284292e+00
-4.983366381773826959e+00
-5.228530460532671675e+00
-5.235494692173037201e+00
-5.142816302296627562e+00
-5.230884847285969919e+00
-5.234947853899583947e+00
-5.168700463061743910e+00
-5.364387304770107612e+00
-4.916037324814973353e+00
-5.248917070669421925e+00
-5.243127798356321811e+00
-5.094995581906403892e+00
-5.097373905497985191e+00
-4.621509623902822383e+00
-4.441562243884607852e+00
-3.987069911493591690e+00
-4.297180660352953652e+00
-4.228944871389391125e+00
-4.997719868086023531e+00
-5.218856651505399569e+00
-4.923439172076640169e+00
-4.757908855472300580e+00
-4.585290027300715110e+00
-4.916268529396100817e+00
-5.251400737325815804e+00
-4.944083330181526570e+00
-4.890118192761793381e+00
-4.584247739328326077e+00
-5.315569872520732986e+00
-5.154906328921120995e+00
-5.166438136149107407e+00
-5.495511436017299189e+00
-5.644136672789662690e+00
-5.331808321833771735e+00
-5.576126972275044835e+00
-5.517025429313635598e+00
-5.399223813247254533e+00
-5.370829918766393263e+00
-4.938109757452074255e+00
-5.083606847461112466e+00
-5.134511544231808777e+00
-5.245646798512201059e+00
-5.181202084421106413e+00
-5.364763654655046565e+00
-5.446489628181566900e+00
-4.914447955362477138e+00
-5.264598588380357214e+00
-5.193268980967063797e+00
-5.688348667418890336e+00
-5.698467212514346514e+00
-5.460113876452014736e+00
-5.393717309510374314e+00
-5.807822830675341663e+00
-6.054804540719490369e+00
-5.939723520106713117e+00
-6.062111939090794266e+00
-6.067593047205812162e+00
-6.657014282396534810e+00
-6.818994779719589339e+00
-6.593598746007439004e+00
-6.976953314792909921e+00
-6.777933533565208002e+00
-7.326107479776722720e+00
-7.459712980269989302e+00
-7.294515663874598488e+00
-7.255095144521201966e+00
-6.807923737290625610e+00
-6.497568911265487301e+00
-6.739408796952587544e+00
-7.228946892849317685e+00
-7.410057109740405323e+00
-7.458267531732510669e+00
-7.600679913009182442e+00
-7.959030783904445627e+00
-7.781159449188540300e+00
-7.867590057618953914e+00
-7.620305565113377533e+00
-8.310136752709190944e+00
-8.195493865083264495e+00
-8.358581339481020223e+00
-8.088341979591016084e+00
-7.934359831125123996e+00
-7.575058589989321689e+00
-7.406500231943190293e+00
-7.767157327309827330e+00
-8.320595953140898615e+00
-8.133282409491691567e+00
-8.594483022343116119e+00
-8.693738921575871359e+00
-8.187252632912960237e+00
-7.960323394263835617e+00
-7.920796816574171118e+00
-7.497937218441286689e+00
-7.986643798012313944e+00
-7.193769760294740578e+00
-7.182881183849517903e+00
-7.505861072338682050e+00
-7.415207451635786207e+00
-7.366281008229493388e+00
-7.667612990375463511e+00
-7.538026594697497806e+00
-7.169232341970807276e+00
-7.922681457065964494e+00
-7.583346232916113649e+00
-7.667245494540765982e+00
-7.026084767845215850e+00
-7.144849333216336973e+00
-7.339379170787111661e+00
-7.411430300444173724e+00
-7.588419952167503091e+00
-7.990659504891890919e+00
-7.910347349387027549e+00
-7.528294818234536834e+00
-8.137016380159893814e+00
-8.329714323665809772e+00
-8.454265809233906026e+00
-8.718241466586926336e+00
-8.468062616002484333e+00
-8.629380452538327972e+00
-8.218470853733357728e+00
-8.319156461661052049e+00
-7.901995412538830976e+00
-8.145264877805235670e+00
-8.352701441830269857e+00
-8.314230321525059253e+00
-8.620551881526973048e+00
-8.325276399753590795e+00
-8.214121149443881720e+00
-8.309204791321086248e+00
-8.482974852294276502e+00
-8.164318030989779373e+00
-8.037021830912907561e+00
-7.703407037971670590e+00
-7.925211809440094513e+00
-8.230104163718911181e+00
-7.735340093608672696e+00
-7.706390061937776537e+00
-8.242743033199758429e+00
-8.528130157332640238e+00
-8.895396259899452929e+00
-9.353613718157181012e+00
-8.844594448528155795e+00
-8.739694488471528189e+00
-8.962690438695227968e+00
-9.088771369747536966e+00
-9.347509525294650956e+00
-9.253930888623374429e+00
-9.178018512089014536e+00
-9.464571421873547052e+00
-9.430891899038794435e+00
-9.470026225084172466e+00
-9.201154331577846790e+00
-8.944283946982253042e+00
-8.948621182491027781e+00
-8.999078127268266059e+00
-9.241267692726111704e+00
-9.329236901751134070e+00
-9.298363353159496469e+00
-9.001441322334304829e+00
-9.152401060063695581e+00
-9.174916426174069883e+00
-9.103942858531045346e+00
-9.241792852860337248e+00
-9.561953064079306230e+00
-9.594478270231888928e+00
-9.255542719814217278e+00
-9.151342752671142833e+00
-8.874865214363239829e+00
-8.429202639811823161e+00
-8.492992313557568451e+00
-8.350625786217280577e+00
-8.785278448273775354e+00
-9.149812137832626036e+00
-9.040883589449066449e+00
-8.932170056905539113e+00
-9.192985743699617629e+00
-8.847533740588202633e+00
-8.698444308870094233e+00
-9.046360001588297450e+00
-8.362933429956790121e+00
-9.206668030606532938e+00
-9.212504789626780877e+00
-9.173981573139480261e+00
-9.344276390000763044e+00
-9.128003987602479441e+00
-9.002983468927070021e+00
-8.724711870597854357e+00
-8.638304610845683129e+00
-8.353088235662259109e+00
-8.644941690051293648e+00
-8.886809093765201339e+00
-9.177078609222919070e+00
-9.305967509113802549e+00
-9.128669916165858211e+00
-9.681258130181475963e+00
-9.390489669348719204e+00
-9.575785954040981096e+00
-9.447219302669408236e+00
-9.427408641230552888e+00
-9.512936897248678747e+00
-9.212470112424169244e+00
-9.212890029593415520e+00
-9.354656490369578137e+00
-9.093004471649340559e+00
-9.302768457423979953e+00
-9.721100976013875794e+00
-9.152491103455782095e+00
-9.150887311064936469e+00
-9.382428261021679816e+00
-9.677274757692803320e+00
-9.635996256037550722e+00
-9.620014789447147052e+00
-9.421035301326032396e+00
-9.232623185263086896e+00
-9.023730443944710800e+00
-9.200352827514826970e+00
-9.432023874548548292e+00
-9.394386137452134022e+00
-9.495857074904147765e+00
-9.527543767215956194e+00
-9.514821732631142837e+00
-8.946441084774228614e+00
-8.829685893160288401e+00
-8.913792881384424049e+00
-8.691003992470491823e+00
-8.706050608209906727e+00
-8.522081511318940983e+00
-8.448851140060650522e+00
-8.213184810994556884e+00
-8.289314718822250683e+00
-8.276277568217684788e+00
-8.175749580128400140e+00
-8.536800135500390851e+00
-8.754211923606654011e+00
-8.630997404133140094e+00
-8.696176469443958723e+00
-8.833592985011170740e+00
-9.156623880636104218e+00
-9.043716955397828272e+00
-9.215694273090715427e+00
-9.200388569208563183e+00
-9.262174824739329182e+00
-8.864379884515569685e+00
-8.559490582455573815e+00
-8.975306998028862893e+00
-8.739275710555686416e+00
-8.786197335809760034e+00
-8.827509703522412821e+00
-8.761024660048018831e+00
-9.125606172779452407e+00
-9.232505122924802521e+00
-9.253173699691181753e+00
