-4.769354829141671637e+00
-5.369394642534224715e+00
-7.338071654804376287e+00
-7.126711150009890083e+00
-1.222518168717978782e+01
-1.525585588115574964e+01
-2.123177845504643813e+01
-2.521385281943609513e+01
-3.017037395937095923e+01
-3.262239541570203727e+01
-3.323991228890299965e+01
-3.534430279016405052e+01
-3.934415375228801537e+01
-3.764307032989357538e+01
-4.100960047503101435e+01
-4.373175063192636003e+01
-4.626461967988185364e+01
-4.912174984911068520e+01
-5.339769614793745944e+01
-5.190440644555150129e+01
