-4.936064704626407007e+00
-4.510326299464360922e+00
-4.188927828424525046e+00
-4.393260989989895116e+00
-5.070830111877132396e+00
-3.860367033957279759e+00
-4.188426516334049055e+00
-3.684712800571182889e+00
-3.843274409596359575e+00
-3.973796478800641907e+00
-3.922468751543055632e+00
-4.018631609689506945e+00
-3.975818836625209407e+00
-4.617524129634489327e+00
-4.557918320607629248e+00
-4.428117803819865195e+00
-4.411054893992478299e+00
-4.521717439802983129e+00
-3.833821294207105268e+00
-4.444939617311343127e+00
-4.206900906377648575e+00
-4.382415069237262095e+00
-4.399686930898901061e+00
-4.166001633910059176e+00
-4.202316531528472510e+00
-4.127497095751307299e+00
-4.618051107682787482e+00
-4.537778733247120222e+00
-4.477786753279898058e+00
-3.891495191014892718e+00
-4.224411789712696930e+00
-4.950302165025571632e+00
-4.122774815734501885e+00
-3.765284091381075449e+00
-3.839422224516242821e+00
-4.310421144059344734e+00
-4.162234748117763061e+00
-4.739140940162583249e+00
-4.392783741668818465e+00
-4.350125127861086405e+00
-4.482588413315952813e+00
-4.842127468531905343e+00
-4.739290563781878518e+00
-6.010992966451228270e+00
-4.170976658604025111e+00
-5.039466985593834103e+00
-5.915699932808484718e+00
-5.019001910439739866e+00
-4.347953100877005816e+00
-5.230047205931124488e+00
-6.274788013364176464e+00
-4.993215018181453857e+00
-5.851082321385002949e+00
-5.508738005787819247e+00
-8.329761582641058482e+00
-6.623664109831929991e+00
-6.300612968258675117e+00
-5.231849128585121633e+00
-4.532137255405359610e+00
-4.693028544302800142e+00
-5.231828202272075679e+00
-4.926931744049011463e+00
-4.745511471511828283e+00
-7.693801043172532772e+00
-5.879398210231287614e+00
-9.883662923954236845e+00
-8.585325280322042119e+00
-1.138346421171807421e+01
-1.184881850686283755e+01
-1.172050033319775153e+01
-9.201747948382816844e+00
-1.137600737994887723e+01
-1.014585747747798550e+01
-1.200542036424558390e+01
-1.239291948765029083e+01
-1.205591334991233232e+01
-1.219764122234065695e+01
-8.992224418064049374e+00
-7.143614767937499721e+00
-7.339571916247487060e+00
-9.632448925027446762e+00
-1.019275708890959464e+01
-1.056982371820289757e+01
-9.270663390510865298e+00
-9.968445828738161651e+00
-9.557439623706029508e+00
-1.001605718938610323e+01
-9.323381925739854026e+00
-7.392702237154922251e+00
-7.741737289288169066e+00
-9.815759294416801950e+00
-1.045518112883710060e+01
-9.862076014469177920e+00
-8.917193472828516931e+00
-1.024400275261553972e+01
-1.219755144554119042e+01
-1.107944247794237214e+01
-1.094775974968557541e+01
-1.253973930612829157e+01
-1.269015682898875141e+01
-1.125666686324021093e+01
-1.031107593291632796e+01
-9.185098592921722371e+00
-9.097375560337740197e+00
-7.908411678781719800e+00
-7.726286973811775205e+00
-9.136617319975815832e+00
-9.111573513244996647e+00
-1.099535516949510949e+01
-1.291380014059105896e+01
-1.297093936198992736e+01
-1.179610777692161960e+01
-1.243038732769585408e+01
-1.305683127408408595e+01
-1.279152732135611004e+01
-1.295117751720283295e+01
-1.305359533531237304e+01
-1.381063538713533489e+01
-1.329432299109302207e+01
-1.378237900361375523e+01
-1.344164996684821389e+01
-1.227993526233623456e+01
-1.184524306555370643e+01
-1.071554778224232507e+01
-1.126010143550190534e+01
-1.257948204828300298e+01
-1.266565035079242030e+01
-1.187962000012468877e+01
-1.052104537401229933e+01
-1.059778921284256192e+01
-1.014722264060100798e+01
-1.153036684631364039e+01
-1.216558821120987410e+01
-1.230224245740087241e+01
-1.197544268447395055e+01
-1.190705925646410535e+01
-1.278047857899406559e+01
-1.405450829446407113e+01
-1.472318388079044205e+01
-1.453659398360796828e+01
-1.484837385532614817e+01
-1.465642401692860375e+01
-1.471495602488322696e+01
-1.499479330200019334e+01
-1.503953469887246186e+01
-1.499039727958482437e+01
-1.473875347488222687e+01
-1.456369924997919085e+01
-1.440213516448223174e+01
-1.465407405515455608e+01
-1.464484346408827520e+01
-1.406413076735940137e+01
-1.406835707722444440e+01
-1.317829132522866331e+01
-1.349681446770953208e+01
-1.357354548208537182e+01
-1.254671145316831549e+01
-1.292277192040192091e+01
-1.361959693749474987e+01
-1.473516064182758356e+01
-1.516077321442001313e+01
-1.560036777320780033e+01
-1.591679086169854784e+01
-1.613989773980184239e+01
-1.655453313894511069e+01
-1.662420824182170165e+01
-1.717068828419170501e+01
-1.705965843055685838e+01
-1.699670960416858989e+01
-1.690794658450525745e+01
-1.642321178382788105e+01
-1.699883497916277975e+01
-1.710498422964017351e+01
-1.701744527734928525e+01
-1.695149018092762816e+01
-1.758885345690582369e+01
-1.702484266039033756e+01
-1.740399186138049359e+01
-1.690146118233941053e+01
-1.690572607366309299e+01
-1.678840932957437104e+01
-1.734717325591017456e+01
-1.707277474264414252e+01
-1.699878001651918424e+01
-1.703836928490562741e+01
-1.728955464176526391e+01
-1.717712430296589332e+01
-1.717806349724808257e+01
-1.697778608173516801e+01
-1.729317019253663545e+01
-1.736298345593692716e+01
-1.773979512565192707e+01
-1.805649801152170397e+01
-1.820838114911308736e+01
-1.798000941876887637e+01
-1.794336350737452079e+01
-1.804128340491209315e+01
-1.813478395948087041e+01
-1.818762976261705333e+01
-1.812548156801460664e+01
-1.811730302631379175e+01
-1.839604584104187524e+01
-1.814115528857981730e+01
-1.833987692277040793e+01
-1.882945352877893797e+01
-1.885895394477441656e+01
-1.885923721702666711e+01
-1.895349361847243586e+01
-1.893844957049416067e+01
-1.863288830906026661e+01
-1.868114678637067883e+01
-1.872853914948605336e+01
-1.868988608696082565e+01
-1.856508183329339801e+01
-1.825173733140622190e+01
-1.814752664966199447e+01
-1.829995833721551435e+01
-1.829871599142181537e+01
-1.829495542042919709e+01
-1.826920845466993271e+01
-1.832809323747983754e+01
-1.840999868194190725e+01
-1.831188558850622172e+01
-1.835087019023043098e+01
-1.826803030216904489e+01
-1.795697587374036885e+01
-1.799030299953950873e+01
-1.822004067500860813e+01
-1.823654590884581239e+01
-1.837447114053647113e+01
-1.849862553644268104e+01
-1.852195970867584762e+01
-1.845675175823994962e+01
-1.851533237977425728e+01
-1.866461403607268466e+01
-1.868854383787635953e+01
-1.860856543414001507e+01
-1.848535517518807580e+01
-1.849299699179638523e+01
-1.859461188648378638e+01
-1.818139754156322141e+01
-1.833839802651277395e+01
-1.844328570727860850e+01
-1.827681545529495111e+01
-1.826404777035853755e+01
-1.826124436979895549e+01
-1.849911795737563125e+01
-1.835757287043527697e+01
-1.826986777361334546e+01
-1.864119571961626320e+01
-1.865794097836479182e+01
-1.835367346940315514e+01
-1.805699049370302589e+01
-1.819175824666280050e+01
-1.796653488396661658e+01
-1.793726083119114989e+01
-1.776231868305819717e+01
-1.794403316806341664e+01
-1.802882871807065968e+01
-1.789415084152238222e+01
-1.788698121868066337e+01
-1.766636583712498521e+01
-1.765328017532363347e+01
-1.773658018303162720e+01
-1.787284945985078366e+01
-1.822302431885723450e+01
-1.810541209617771585e+01
-1.826187846021311856e+01
-1.821893366315496721e+01
-1.809876983403897199e+01
-1.795906000697362614e+01
-1.749361459626174309e+01
-1.778331577723592005e+01
-1.783311758320417439e+01
-1.751060050549044789e+01
-1.787075458744386225e+01
-1.774723858014304767e+01
-1.752797632953865303e+01
-1.754457261995422002e+01
-1.757384786663189757e+01
-1.729831166254643904e+01
-1.704202919106115743e+01
-1.724521601686339878e+01
-1.720404400463424821e+01
-1.711699299736727298e+01
-1.716423550663918007e+01
-1.697997452825607212e+01
-1.665974531841032658e+01
-1.681597340953424791e+01
-1.678530909902018209e+01
-1.657295747441105860e+01
-1.668233322140756769e+01
-1.660111208317747611e+01
-1.656498251366251750e+01
-1.642607930252870574e+01
-1.663414799067747296e+01
-1.700546462837760586e+01
-1.709255931462142186e+01
-1.735039995049454120e+01
-1.745147575331009193e+01
