-5.100649030061211064e+00
-4.716095442629642420e+00
-4.764042939068886540e+00
-4.158479075133449498e+00
-4.302090949561012678e+00
-4.540444904378185598e+00
-4.919831078869624896e+00
-4.204838198303449737e+00
-3.739590798029624352e+00
-4.818811777551763598e+00
-4.058606384204118456e+00
-3.793607437843229846e+00
-4.224212194908705698e+00
-4.278167794367935706e+00
-4.201154853490940866e+00
-3.853759730444663134e+00
-4.033889404567702286e+00
-4.533477639211430876e+00
-4.535555723683377671e+00
-4.296373254717912538e+00
-4.907003070768220176e+00
-4.367505389679818606e+00
-4.818857917450081629e+00
-4.627247051598284422e+00
-4.147738759973679024e+00
-4.560140024015130855e+00
-3.914023883866095233e+00
-4.441273298638790834e+00
-4.843708894172078061e+00
-4.222095265491999427e+00
-4.321351375165147779e+00
-3.828113917749910833e+00
-3.904445152987964462e+00
-4.108062934157151069e+00
-3.963716634697753705e+00
-4.547701476604090409e+00
-4.670182826033396850e+00
-4.489320647103538064e+00
-4.427898897341774997e+00
-3.876979870837248932e+00
-4.166315927722606283e+00
-4.055813892410899513e+00
-4.787675115847633833e+00
-4.066462769650155629e+00
-4.019072987234288519e+00
-4.407335345300229967e+00
-4.114544789456086704e+00
-3.997323007233786640e+00
-4.768728345274847236e+00
-3.727396242423239414e+00
-3.995462795545591028e+00
-3.940765190465329582e+00
-4.916386716117818523e+00
-5.071382447891916279e+00
-4.502386203986446844e+00
-4.445652609300209335e+00
-4.256790057069321342e+00
-4.340658241987372712e+00
-5.215982850002963467e+00
-4.422377340366828058e+00
-4.732857462177761043e+00
-4.256983995608045745e+00
-4.945097297575498985e+00
-4.101859808851804345e+00
-4.395848216934498787e+00
-4.090887567942750991e+00
-4.372321668376807580e+00
-4.297792342820395461e+00
-4.267828801850452436e+00
-3.941551302828897541e+00
-4.000008641899770900e+00
-4.276249304103281190e+00
-3.928122161177181937e+00
-3.717046215376638152e+00
-4.028749930162751625e+00
-3.572795383155345839e+00
-4.448724954973529044e+00
-3.722887349429366388e+00
-3.987550548290608177e+00
-3.965760321836531155e+00
-3.971280549496465362e+00
-3.942331771043832589e+00
-4.047998845545251356e+00
-4.382171099570760120e+00
-4.517956294399787964e+00
-4.212628938390564848e+00
-4.118808361541800522e+00
-4.583248684448898658e+00
-3.972134764082485781e+00
-4.151698807291017701e+00
-4.296237290026867939e+00
-3.838288676912992692e+00
-4.015702642830650149e+00
-3.872524648999165819e+00
-3.933829278080351877e+00
-4.048656535696482983e+00
-4.593386582783884009e+00
-4.510436101263352704e+00
-4.027261954658619025e+00
-4.100187378898930923e+00
-4.360753508926106470e+00
-4.408605344960681904e+00
-3.787056866703241376e+00
-3.828406001799476321e+00
-4.129290783513503982e+00
-4.147782271576941682e+00
-3.739656833606704645e+00
-3.792147590736091090e+00
-3.692764752802235151e+00
-3.870867790841781009e+00
-4.347097803481931422e+00
-4.392862389068760365e+00
-4.087741103849700686e+00
-3.958782436836641772e+00
-3.759997490600571091e+00
-3.742908650090420508e+00
-4.211009515021263638e+00
-4.240388607544723243e+00
-4.245168423497850618e+00
-4.404221000694682253e+00
-4.119312576124972480e+00
-4.004339882774650583e+00
-3.217271510797373502e+00
-3.740383295029283239e+00
-3.656794819616780323e+00
-4.224340546190478385e+00
-4.288374425009170210e+00
-4.437949332319987228e+00
-3.951646420495483980e+00
-4.284402757230721726e+00
-4.159385150428784428e+00
-3.923532553810954226e+00
-4.284978290489961594e+00
-4.203585400988941956e+00
-3.982986971533502896e+00
-4.230905593026204059e+00
-4.600703869485861297e+00
-4.059689522986926313e+00
-3.809103692553263976e+00
-3.731673272380713335e+00
-3.928144859539855815e+00
-3.859177059271960530e+00
-3.652313827599630081e+00
-3.967842992938426683e+00
-4.070187739585169773e+00
-3.990912918154712052e+00
-4.516492407368100537e+00
-4.084195144940913735e+00
-3.866037765501014967e+00
-4.177299936237021782e+00
-4.358883224155400526e+00
-4.060027754326075211e+00
-4.001716253354537400e+00
-3.782379072906834061e+00
-3.866023922083492437e+00
-3.967942408588220005e+00
-4.234893340214134660e+00
-4.255493463433245971e+00
-4.244529861685596650e+00
-4.110054974941547812e+00
-3.650888763926245062e+00
-4.102533218468622955e+00
-4.335376377617407684e+00
-4.168103012270698571e+00
-4.522616186378803249e+00
-4.161557695576342475e+00
-4.281659315219757289e+00
-4.111162049673554364e+00
-4.103585427903357896e+00
-4.034752973275840482e+00
-4.123222481861020583e+00
-3.906062089120643677e+00
-4.541274579578415960e+00
-4.681102100756155515e+00
-4.215684314842810920e+00
-4.383940898849648882e+00
-4.073674540997672899e+00
-4.448569097628642055e+00
-3.972120218060029018e+00
-3.765848285372364046e+00
-4.196074952098096666e+00
-4.109535106846005981e+00
-4.334684538701695011e+00
-4.357553862612964402e+00
-4.593897510218779345e+00
-4.569059149651307550e+00
-4.535760182207806857e+00
-4.604121439811460270e+00
-4.483973696381478469e+00
-4.082805385851275837e+00
-4.437062543524604941e+00
-4.419275119287755516e+00
-4.211517218027307941e+00
-4.563444069571231942e+00
-4.313487842066660249e+00
-4.482918946267703930e+00
-4.353073296990248586e+00
-3.936953560308015021e+00
-4.301624649385452415e+00
-4.014225155664290057e+00
-3.978870017184240382e+00
-4.179166134587367409e+00
-4.202274030138060112e+00
-4.127592762311418362e+00
-4.223510469913979826e+00
-3.705110936823346357e+00
-4.116825400013568448e+00
-4.122388492812260274e+00
-4.132244676541622752e+00
-3.818613380694136694e+00
-3.954324637216338090e+00
-3.870761314117312502e+00
-3.952333236992945587e+00
-4.077792517058692390e+00
-4.361381498972409787e+00
-4.144074007702244877e+00
-3.836127326764633416e+00
-4.032522214040722197e+00
-3.958156569887067988e+00
-4.350906885165077398e+00
-4.248931255865304735e+00
-4.330395190228270685e+00
-4.007267996588395498e+00
-4.076822403405357065e+00
-4.238366051012815383e+00
-3.846499957126324531e+00
-3.983185065015789839e+00
-3.879753328961286662e+00
-4.126245470252064784e+00
-4.121980546142531843e+00
-4.127221656760282187e+00
-3.985142513808086484e+00
-3.987966617561953697e+00
-4.043195371457812826e+00
-4.225210253039207053e+00
-4.318781361453137180e+00
-3.941765963081291346e+00
-3.975389355683985215e+00
-4.083624917989797432e+00
-4.067451561549539463e+00
-4.056439350221798357e+00
-3.877065322325266905e+00
-4.175186818361608765e+00
-3.785242623530432837e+00
-4.066198017165869594e+00
-4.062071117540137166e+00
-4.609505620365661471e+00
-4.405460428456478006e+00
-4.109336911636540357e+00
-3.906071017975783377e+00
-3.994405119509181645e+00
-4.134992276129599631e+00
-4.033227345921880591e+00
-4.257030870318091686e+00
-4.011892955641988223e+00
-3.941152493504641363e+00
-3.773283952752426451e+00
-4.172861194308231880e+00
-4.260726240788793362e+00
-4.282169711738607276e+00
-4.217017885744535732e+00
-3.727852182881213672e+00
-3.959633657885897939e+00
-4.245964162246967710e+00
-4.086787819825722146e+00
-3.738286333756493995e+00
-3.975121103250771171e+00
-3.955699227045903044e+00
-3.980503270612632427e+00
-4.131308269158509461e+00
-4.022724727255714505e+00
-4.026709603107111235e+00
-4.310599479867387451e+00
-4.279409453158560694e+00
-4.343131250295471091e+00
-4.089657022097821226e+00
-3.862079231958746028e+00
-3.747664840246823559e+00
-4.157935082177240282e+00
-4.174104464331557018e+00
-4.397408475269624972e+00
-4.590584961909983441e+00
-4.551979434620207599e+00
-4.477619923756056330e+00
-4.229288430453923553e+00
-4.363330107324755680e+00
-4.296026329713821035e+00
-4.189203073570030078e+00
-4.170216455733452676e+00
-4.011375806243454356e+00
-3.678389602240264011e+00
-3.807655576584624058e+00
-4.077015064218242557e+00
-4.215054430517111150e+00
-4.226913462745488737e+00
-4.312371986251304357e+00
-4.224410555949604351e+00
-4.180171336344960409e+00
-4.129437542103155501e+00
-4.182979595312524168e+00
